BUF_SIZE    real   user   sys
1  1010.6060000000 65.0540000000 945.3880000000
2  510.1300000000 33.0780000000 476.9560000000
4  253.5720000000 16.7740000000 236.7480000000
8  131.7980000000 8.4140000000 119.1120000000
16  64.3900000000 4.1040000000 60.2520000000
32  32.5740000000 2.1620000000 30.4040000000
64  16.2960000000 .9440000000 15.3460000000
128  8.4260000000 .5220000000 7.8960000000
256  4.4820000000 .2500000000 4.2260000000
512  2.4800000000 .1140000000 2.3560000000
1024  1.4580000000 .0620000000 1.3900000000
2048  1.0120000000 .0280000000 .9760000000
4096  .7540000000 .0180000000 .7240000000
8192  .7140000000 .0140000000 .6920000000
16384  .6900000000 .0040000000 .6820000000
32768  .6600000000 .0060000000 .6520000000
65536  .6660000000 .0020000000 .6520000000
