BUF_SIZE    real   user   sys
1  249.6220000000 16.0860000000 233.5020000000
2  125.8500000000 8.1280000000 117.6920000000
4  62.4600000000 3.9020000000 58.5340000000
8  31.3880000000 2.3100000000 29.0700000000
16  15.7500000000 .9860000000 14.7620000000
32  7.9680000000 .4400000000 7.5280000000
64  4.0360000000 .2940000000 3.7400000000
128  2.0520000000 .1480000000 1.9000000000
256  1.0940000000 .0720000000 1.0200000000
512  .5900000000 .0440000000 .5420000000
1024  .3460000000 .0240000000 .3200000000
2048  .2200000000 .0140000000 .2040000000
4096  .1360000000 .0060000000 .1300000000
8192  .1360000000 .0020000000 .1300000000
16384  .1240000000 0 .1220000000
32768  .1180000000 .0020000000 .1160000000
65536  .1360000000 0 .1360000000
