BUF_SIZE    real   user   sys
1  7.8240000000 .5140000000 7.3100000000
2  3.8920000000 .2460000000 3.6460000000
4  1.9380000000 .1260000000 1.8100000000
8  .9580000000 .0600000000 .8980000000
16  .4740000000 .0340000000 .4400000000
32  .2420000000 .0120000000 .2280000000
64  .1200000000 .0080000000 .1120000000
128  .0600000000 .0040000000 .0540000000
256  .0300000000 0 .0280000000
512  .0100000000 0 .0060000000
1024  .0100000000 0 .0080000000
2048  0 0 0
4096  0 0 0
8192  0 0 0
16384  0 0 0
32768  0 0 0
65536  0 0 0
