BUF_SIZE    real   user   sys
1  498.0980000000 31.8220000000 466.1960000000
2  252.6560000000 16.6940000000 235.9120000000
4  125.7040000000 7.8400000000 117.8400000000
8  63.2660000000 4.2160000000 59.0240000000
16  31.4120000000 1.9920000000 29.4140000000
32  16.2820000000 1.0620000000 15.2120000000
64  8.1520000000 .4820000000 7.6620000000
128  4.2240000000 .2580000000 3.9580000000
256  2.2280000000 .1180000000 2.1100000000
512  1.2280000000 .0500000000 1.1780000000
1024  .6980000000 .0360000000 .6600000000
2048  .4620000000 .0180000000 .4420000000
4096  .3140000000 .0080000000 .3040000000
8192  .2740000000 .0040000000 .2700000000
16384  .2800000000 0 .2740000000
32768  .2820000000 0 .2740000000
65536  .2480000000 .0060000000 .2420000000
