BUF_SIZE    real   user   sys
1  31.0000000000 1.9980000000 29.0020000000
2  15.5560000000 .9180000000 14.6340000000
4  7.9060000000 .4900000000 7.4140000000
8  3.9120000000 .2360000000 3.6720000000
16  1.9380000000 .1160000000 1.8220000000
32  .9780000000 .0520000000 .9260000000
64  .4980000000 .0360000000 .4620000000
128  .2520000000 .0140000000 .2360000000
256  .1320000000 .0080000000 .1240000000
512  .0700000000 .0060000000 .0620000000
1024  .0400000000 0 .0380000000
2048  .0200000000 0 .0200000000
4096  .0120000000 0 .0120000000
8192  .0100000000 0 .0100000000
16384  .0100000000 0 .0080000000
32768  .0100000000 0 .0080000000
65536  .0100000000 0 .0060000000
