BUF_SIZE    real   user   sys
1  3.9260000000 .2520000000 3.6740000000
2  1.9440000000 .1300000000 1.8120000000
4  .9600000000 .0600000000 .8980000000
8  .4800000000 .0400000000 .4380000000
16  .2420000000 .0120000000 .2300000000
32  .1200000000 .0060000000 .1140000000
64  .0600000000 .0040000000 .0560000000
128  .0300000000 .0060000000 .0240000000
256  .0100000000 0 .0100000000
512  .0020000000 0 .0020000000
1024  0 0 0
2048  0 0 0
4096  0 0 0
8192  0 0 0
16384  .0020000000 0 .0020000000
32768  0 0 0
65536  0 0 0
