BUF_SIZE    real   user   sys
1  124.1040000000 7.8440000000 116.2300000000
2  62.1580000000 3.9100000000 58.2260000000
4  31.6460000000 2.1080000000 29.5340000000
8  15.8080000000 .9940000000 14.8080000000
16  7.8440000000 .5040000000 7.3400000000
32  3.9280000000 .2440000000 3.6840000000
64  2.0060000000 .1080000000 1.8980000000
128  1.0400000000 .0700000000 .9700000000
256  .5320000000 .0240000000 .5080000000
512  .2820000000 .0220000000 .2600000000
1024  .1840000000 .0100000000 .1720000000
2048  .1000000000 .0040000000 .0960000000
4096  .0660000000 .0020000000 .0620000000
8192  .0680000000 0 .0680000000
16384  .0600000000 0 .0600000000
32768  .0500000000 0 .0500000000
65536  .0500000000 0 .0500000000
