BUF_SIZE    real   user   sys
1  62.0800000000 3.9140000000 58.1440000000
2  31.3740000000 2.1420000000 29.2240000000
4  15.6800000000 .9940000000 14.6840000000
8  7.8240000000 .5000000000 7.3240000000
16  3.9000000000 .2640000000 3.6340000000
32  1.9720000000 .1140000000 1.8580000000
64  1.0000000000 .0680000000 .9280000000
128  .5120000000 .0340000000 .4780000000
256  .2600000000 .0180000000 .2420000000
512  .1480000000 .0100000000 .1360000000
1024  .0800000000 .0040000000 .0740000000
2048  .0500000000 0 .0500000000
4096  .0300000000 0 .0280000000
8192  .0300000000 .0020000000 .0260000000
16384  .0300000000 0 .0280000000
32768  .0300000000 0 .0300000000
65536  .0260000000 0 .0260000000
