BUF_SIZE    real   user   sys
1  15.4940000000 .9480000000 14.5440000000
2  8.1060000000 .5320000000 7.5720000000
4  3.9340000000 .2560000000 3.6780000000
8  1.9500000000 .0860000000 1.8640000000
16  1.0320000000 .0820000000 .9480000000
32  .4920000000 .0300000000 .4620000000
64  .2420000000 .0100000000 .2320000000
128  .1240000000 .0060000000 .1180000000
256  .0600000000 .0020000000 .0580000000
512  .0300000000 0 .0280000000
1024  .0200000000 0 .0180000000
2048  .0100000000 .0020000000 .0060000000
4096  .0060000000 .0020000000 .0040000000
8192  0 0 0
16384  0 0 0
32768  0 0 0
65536  0 0 0
