BUF_SIZE    real   user   sys
1  46972.6400000000 3.9100000000 145.1200000000
2  5449.5500000000 2.1600000000 85.3100000000
4  2254.2800000000 .8000000000 37.2600000000
8  980.8300000000 .3300000000 16.5400000000
16  578.7600000000 .2500000000 9.7000000000
32  397.7400000000 .1800000000 6.6900000000
64  116.7200000000 .0500000000 1.9800000000
128  112.9000000000 .0400000000 1.8800000000
256  29.1700000000 0 .5200000000
512  14.8900000000 0 .2700000000
1024  7.7700000000 0 .1400000000
2048  3.8700000000 0 .0700000000
4096  1.9300000000 0 .0400000000
8192  1.0300000000 0 .0200000000
16384  .5600000000 0 .0100000000
32768  .4000000000 0 .0100000000
65536  .3800000000 0 .0200000000
