BUF_SIZE    real   user   sys
1  3894.3800000000 1.5900000000 66.7000000000
2  2098.0000000000 1.0000000000 40.1600000000
4  1117.2600000000 .4800000000 18.6300000000
8  500.3200000000 .2900000000 8.7400000000
16  239.5900000000 .0700000000 4.3400000000
32  125.2500000000 .0600000000 2.3600000000
64  64.4900000000 .0800000000 1.1500000000
128  40.5800000000 .0100000000 .6900000000
256  15.8500000000 .0100000000 .3300000000
512  7.8600000000 0 .1900000000
1024  4.1000000000 .0100000000 .0900000000
2048  2.0700000000 0 .0600000000
4096  1.0500000000 0 .0400000000
8192  .5400000000 .0200000000 0
16384  .3300000000 0 .0200000000
32768  .1400000000 0 0
65536  .1000000000 0 0
