BUF_SIZE    real   user   sys
BUF_SIZE    real   user   sys
1  1933.2700000000 .5200000000 32.4000000000
2  966.6800000000 .3400000000 15.9000000000
4  1060.9600000000 .1700000000 8.0200000000
8  235.5000000000 .0900000000 3.9300000000
16  167.1000000000 .0500000000 2.6300000000
32  59.3200000000 .0200000000 .9700000000
64  68.3100000000 .0200000000 1.0600000000
128  27.9900000000 .0100000000 .4300000000
256  7.4100000000 0 .1200000000
512  3.6800000000 0 .0800000000
1024  1.9200000000 0 .0400000000
2048  .9700000000 0 .0100000000
4096  .5500000000 0 .0200000000
8192  .2200000000 0 0
16384  .2400000000 0 0
32768  .1200000000 0 0
65536  .1000000000 0 0
